0.016882
-0.036342
-0.086823
0.026842
-0.022749
0.048362
0.004461
0.014471
0.037509
0.004537
-0.007863
0.094219
0.038560
0.016956
-0.033829
-0.009026
0.118758
0.059541
-0.048954
-0.041769
0.081730
0.066006
0.062308
0.074852
-0.043307
0.040748
-0.084628
0.147122
0.101976
-0.082519
-0.130178
-0.005487
-0.049588
-0.084781
0.005867
-0.076544
0.005012
-0.020759
-0.079890
0.080262
0.006618
-0.065270
-0.014653
0.075699
-0.019291
-0.140496
-0.104016
-0.055906
0.038195
0.054763
-0.217362
0.077903
0.061980
0.037338
0.050770
0.074907
-0.062561
-0.053274
-0.059029
-0.051842
-0.053288
0.030320
-0.098848
0.002398
-0.068822
-0.086166
-0.044799
0.067353
0.034061
0.050670
0.025110
-0.043339
-0.004375
-0.034386
-0.052065
-0.120904
0.076734
-0.064422
0.024773
0.034268
-0.009718
-0.063963
0.026662
-0.028331
0.024733
-0.140015
-0.008685
0.111472
0.069793
0.002717
-0.062649
-0.089262
-0.057676
-0.052756
-0.008432
0.060238
0.109641
0.020610
0.099149
0.026095
0.012055
-0.062366
-0.043322
-0.030190
0.031444
0.040783
-0.007585
-0.053128
-0.040230
-0.015646
-0.006147
0.022837
0.024505
-0.094048
0.096463
0.010713
-0.007432
-0.050274
0.055814
-0.023144
0.010915
0.001669
-0.131622
-0.019118
0.020787
0.008036
-0.165955
0.073257
0.003426
0.011973
-0.058721
-0.065331
-0.067019
-0.084103
-0.050991
-0.025480
-0.018828
0.021050
-0.016021
0.090040
0.058220
-0.044409
-0.024918
-0.044243
0.011171
-0.048899
0.154051
0.067202
-0.011926
-0.059586
0.068646
-0.059276
0.029313
-0.030387
0.020915
-0.089982
-0.035931
-0.099201
-0.111730
-0.044507
-0.017566
0.044253
0.069817
0.027939
-0.001588
-0.032349
0.072145
0.016909
-0.075794
0.063401
-0.013755
-0.031057
0.063278
-0.143112
-0.112035
0.087897
0.039642
-0.133627
-0.067563
-0.063352
-0.086351
-0.106923
0.006792
-0.070278
-0.011625
-0.069293
0.022355
0.063306
0.020276
-0.051231
-0.065122
0.012707
-0.040321
-0.032479
-0.115385
0.038259
0.021391
-0.112317
0.013855
-0.130946
0.016629
0.046040
-0.059693
0.062618
-0.010511
0.026221
-0.067910
-0.014917
-0.047400
0.043434
-0.070260
0.078673
-0.011705
0.125472
-0.049038
0.061785
0.062082
0.034929
-0.021185
-0.087692
-0.071497
0.109256
-0.062148
0.004368
-0.064141
0.015860
-0.041736
0.025175
-0.047774
-0.066773
-0.059862
0.057465
-0.039979
0.005655
0.054469
-0.018589
0.081346
-0.030988
0.050710
0.056684
0.038793
-0.036521
0.028054
-0.137933
-0.000407
-0.039942
-0.073522
0.154920
-0.041967
-0.080869
-0.107170
0.105984
-0.019591
0.050424
0.089420
0.065248
-0.067207
-0.118447
-0.030975
-0.117167
0.084909
0.027829
0.028723
-0.054357
-0.018224
0.112981
-0.117741
-0.062088
-0.014240
0.017536
0.022337
0.148836
-0.079438
0.005486
0.091441
0.001427
0.021250
-0.038759
0.008405
-0.035756
-0.091084
0.070584
-0.033246
0.049439
0.020177
0.030069
-0.039135
0.063025
0.042061
0.173394
0.055114
-0.008372
-0.121330
0.009853
0.088956
-0.066943
-0.032433
-0.039050
0.016584
0.031855
